-337.9381443298969, 0.18115942028985507
-325.5670103092784, 0.4347826086956522
-316.49484536082474, 0.5072463768115942
-309.89690721649487, 0.4710144927536232
-301.2371134020619, 0.4710144927536232
-292.5773195876289, 0.4710144927536232
-286.8041237113402, 0.6159420289855073
-282.2680412371134, 0.5434782608695652
-278.96907216494844, 0.2898550724637681
-270.7216494845361, 0.5434782608695652
-262.0618556701031, 0.7246376811594203
-255.87628865979383, 0.9057971014492754
-250.10309278350516, 0.9420289855072465
-245.15463917525773, 0.9057971014492754
-241.8556701030928, 0.7608695652173914
-236.08247422680412, 1.0144927536231885
-229.48453608247422, 1.2318840579710146
-225.36082474226805, 1.3405797101449275
-218.35051546391753, 1.3405797101449275
-210.51546391752578, 1.4130434782608696
-208.04123711340208, 1.2681159420289856
-201.03092783505156, 1.5942028985507246
-197.73195876288662, 1.4130434782608696
-192.7835051546392, 1.7753623188405798
-186.5979381443299, 1.8478260869565217
-186.5979381443299, 1.8478260869565217
-179.58762886597938, 2.13768115942029
-173.81443298969072, 2.4637681159420293
-168.8659793814433, 2.789855072463768
-163.09278350515464, 3.1521739130434785
-158.55670103092785, 3.4420289855072466
-153.1958762886598, 3.8405797101449277
-149.48453608247422, 4.166666666666667
-143.71134020618558, 4.492753623188406
-139.58762886597938, 4.891304347826087
-135.4639175257732, 5.2898550724637685
-131.340206185567, 5.724637681159421
-127.62886597938146, 6.231884057971015
-123.91752577319588, 6.666666666666667
-119.7938144329897, 7.173913043478261
-114.43298969072166, 7.246376811594203
-110.7216494845361, 7.246376811594203
-108.24742268041237, 7.391304347826087
-102.06185567010311, 7.282608695652174
-97.93814432989691, 7.282608695652174
-94.63917525773198, 7.210144927536232
-90.9278350515464, 7.391304347826087
-89.27835051546393, 6.920289855072464
-88.04123711340208, 7.391304347826087
-83.50515463917526, 7.536231884057972
-78.55670103092785, 7.826086956521739
-74.02061855670104, 8.079710144927537
-64.94845360824743, 8.043478260869566
-59.58762886597938, 8.043478260869566
-52.57731958762889, 8.043478260869566
-44.74226804123714, 8.22463768115942
-41.03092783505156, 9.057971014492754
-39.38144329896909, 8.731884057971016
-36.907216494845386, 9.601449275362318
-35.670103092783506, 8.623188405797102
-32.783505154639215, 8.58695652173913
-30.7216494845361, 8.804347826086957
-27.01030927835052, 8.442028985507246
-25.773195876288696, 7.608695652173913
-21.23711340206188, 7.536231884057972
-17.11340206185571, 7.463768115942029
