-356.90721649484533, 0.10869565217391305
-341.64948453608247, 0.2536231884057971
-341.64948453608247, 0.2536231884057971
-324.74226804123714, 0.36231884057971014
-308.659793814433, 0.6159420289855073
-308.659793814433, 0.6159420289855073
-293.4020618556701, 0.9057971014492754
-280.6185567010309, 1.1231884057971016
-264.9484536082474, 1.5942028985507246
-249.69072164948454, 2.028985507246377
-235.6701030927835, 2.5
-224.94845360824743, 2.8623188405797104
-215.87628865979383, 3.1884057971014492
-205.97938144329896, 3.4782608695652177
-194.43298969072166, 3.876811594202899
-182.88659793814435, 4.239130434782608
-170.51546391752578, 4.746376811594203
-157.7319587628866, 5.217391304347826
-147.01030927835052, 5.688405797101449
-138.76288659793815, 6.086956521739131
-131.340206185567, 6.449275362318841
-123.50515463917526, 6.77536231884058
-116.90721649484536, 6.884057971014493
-107.83505154639175, 6.884057971014493
-97.5257731958763, 6.811594202898551
-89.27835051546393, 6.811594202898551
-78.55670103092785, 6.811594202898551
-66.18556701030928, 6.811594202898551
-55.051546391752595, 6.811594202898551
-44.32989690721652, 6.811594202898551
-31.958762886597924, 6.884057971014493
-23.711340206185582, 6.9565217391304355
-12.164948453608247, 6.9565217391304355
