   2.1727000e-06   4.9087385e-02  -1.8824000e-02   1.5681033e-02
   2.9076000e-06   9.8174770e-02  -2.1922000e-02   3.1365922e-02
   3.8695000e-06   1.4726530e-01  -6.3041000e+00   4.7059531e-02
   3.7586000e-06   1.9634954e-01  -1.2583000e+01   6.2762714e-02
   3.7502000e-06   2.4544007e-01  -1.8861000e+01   7.8483368e-02
   4.3838000e-06   2.9452431e-01  -2.5138000e+01   9.4221360e-02
   5.5389000e-06   3.4361484e-01  -3.1414000e+01   1.0998463e-01
   6.3685000e-06   3.9269908e-01  -3.7691000e+01   1.2577307e-01
   6.8623000e-06   4.4178961e-01  -4.3968000e+01   1.4159467e-01
   7.7306000e-06   4.9087385e-01  -5.0247000e+01   1.5744937e-01
   9.2899000e-06   5.3996438e-01  -5.6526000e+01   1.7334525e-01
   1.1089000e-05   5.8904862e-01  -6.2806000e+01   1.8928227e-01
   1.2644000e-05   6.3812030e-01  -6.9087000e+01   2.0526247e-01
   1.4116000e-05   6.8725481e-01  -7.5368000e+01   2.2131461e-01
   1.6072000e-05   7.3632649e-01  -8.1650000e+01   2.3740181e-01
   1.8453000e-05   7.8539816e-01  -8.7933000e+01   2.5354878e-01
   2.0896000e-05   8.3446984e-01  -9.4216000e+01   2.6975981e-01
   2.3137000e-05   8.8360435e-01  -9.4217000e+01   2.8606013e-01
   2.5560000e-05   9.3267603e-01  -9.4217000e+01   3.0241245e-01
   2.8400000e-05   9.8174770e-01  -9.4217000e+01   3.1884203e-01
   3.1673000e-05   1.0308194e+00  -9.4217000e+01   3.3535341e-01
   3.5122000e-05   1.0799539e+00  -9.4217000e+01   3.5197250e-01
   3.8809000e-05   1.1290256e+00  -1.0050000e+02   3.6866151e-01
   4.2841000e-05   1.1780972e+00  -1.0678000e+02   3.8544639e-01
   4.7410000e-05   1.2271689e+00  -1.1307000e+02   4.0233201e-01
   5.2451000e-05   1.2763034e+00  -1.1935000e+02   4.1934513e-01
   5.7979000e-05   1.3253751e+00  -1.2563000e+02   4.3644731e-01
   6.3882000e-05   1.3744468e+00  -1.3191000e+02   4.5366536e-01
   7.0243000e-05   1.4235185e+00  -1.3820000e+02   4.7100456e-01
   7.7079000e-05   1.4726530e+00  -1.4448000e+02   4.8849270e-01
   8.4567000e-05   1.5217246e+00  -1.5076000e+02   5.0609054e-01
   9.2627000e-05   1.5707963e+00  -1.5704000e+02   5.2382596e-01
   1.0122000e-04   1.6198680e+00  -1.6332000e+02   5.4170468e-01
   1.1022000e-04   1.6690025e+00  -1.6961000e+02   5.5975573e-01
   1.1986000e-04   1.7180742e+00  -1.7589000e+02   5.7793893e-01
   1.3022000e-04   1.7671459e+00  -1.8217000e+02   5.9628339e-01
   1.4137000e-04   1.8162175e+00  -1.8845000e+02   6.1479537e-01
   1.5304000e-04   1.8653521e+00  -1.9473000e+02   6.3350533e-01
   1.6528000e-04   1.9144237e+00  -2.0102000e+02   6.5237199e-01
   1.7815000e-04   1.9634954e+00  -2.0730000e+02   6.7142588e-01
   1.9186000e-04   2.0125671e+00  -2.1358000e+02   6.9067391e-01
   2.0626000e-04   2.0617016e+00  -2.1986000e+02   7.1014815e-01
   2.2123000e-04   2.1107733e+00  -2.2614000e+02   7.2980605e-01
   2.3666000e-04   2.1598449e+00  -2.3243000e+02   7.4967977e-01
   2.5272000e-04   2.2089166e+00  -2.3871000e+02   7.6977692e-01
   2.6946000e-04   2.2580511e+00  -2.4499000e+02   7.9013144e-01
   2.8691000e-04   2.3071228e+00  -2.5127000e+02   8.1069926e-01
   3.0484000e-04   2.3561945e+00  -2.5755000e+02   8.3151442e-01
   3.2328000e-04   2.4052662e+00  -2.6383000e+02   8.5258528e-01
   3.4218000e-04   2.4544007e+00  -2.7012000e+02   8.7394790e-01
   3.6174000e-04   2.5034724e+00  -2.7640000e+02   8.9555641e-01
   3.8183000e-04   2.5525440e+00  -2.8268000e+02   9.1744694e-01
   4.0236000e-04   2.6016157e+00  -2.8896000e+02   9.3962868e-01
   4.2306000e-04   2.6507502e+00  -2.9524000e+02   9.6213999e-01
   4.4400000e-04   2.6998219e+00  -3.0153000e+02   9.8493292e-01
   4.6517000e-04   2.7488936e+00  -3.0781000e+02   1.0080459e+00
   4.8667000e-04   2.7979652e+00  -3.1409000e+02   1.0314888e+00
   5.0816000e-04   2.8470998e+00  -3.2037000e+02   1.0553027e+00
   5.2952000e-04   2.8961714e+00  -3.2665000e+02   1.0794370e+00
   5.5059000e-04   2.9452431e+00  -3.3294000e+02   1.1039326e+00
   5.7170000e-04   2.9943148e+00  -3.3922000e+02   1.1288001e+00
   5.9271000e-04   3.0434493e+00  -3.4550000e+02   1.1540832e+00
   6.1348000e-04   3.0925210e+00  -3.5178000e+02   1.1797282e+00
   6.3351000e-04   3.1415927e+00  -3.5807000e+02   1.2057784e+00
   6.5295000e-04   3.1906643e+00  -3.6435000e+02   1.2322452e+00
   6.7181000e-04   3.2397988e+00  -3.7063000e+02   1.2591746e+00
   6.9032000e-04   3.2888705e+00  -3.7691000e+02   1.2865093e+00
   7.0794000e-04   3.3379422e+00  -3.8320000e+02   1.3142948e+00
   7.2449000e-04   3.3870139e+00  -3.8948000e+02   1.3425426e+00
   7.3976000e-04   3.4361484e+00  -3.9576000e+02   1.3713013e+00
   7.5431000e-04   3.4852201e+00  -4.0204000e+02   1.4005087e+00
   7.6803000e-04   3.5342917e+00  -4.0833000e+02   1.4302124e+00
   7.8092000e-04   3.5833634e+00  -4.1461000e+02   1.4604236e+00
   7.9221000e-04   3.6324979e+00  -4.2089000e+02   1.4911926e+00
   8.0217000e-04   3.6815696e+00  -4.2717000e+02   1.5224516e+00
   8.1064000e-04   3.7306413e+00  -4.3346000e+02   1.5542497e+00
   8.1830000e-04   3.7797130e+00  -4.3974000e+02   1.5865968e+00
   8.2432000e-04   3.8288475e+00  -4.4602000e+02   1.6195450e+00
   8.2905000e-04   3.8779191e+00  -4.5230000e+02   1.6530192e+00
   8.3133000e-04   3.9269908e+00  -4.5858000e+02   1.6870697e+00
   8.3311000e-04   3.9760625e+00  -4.6486000e+02   1.7217045e+00
   8.3233000e-04   4.0251970e+00  -4.7115000e+02   1.7569766e+00
   8.3057000e-04   4.0742687e+00  -4.7743000e+02   1.7928028e+00
   8.2944000e-04   4.1233404e+00  -4.8371000e+02   1.8292340e+00
   8.2256000e-04   4.1724120e+00  -4.8999000e+02   1.8662760e+00
   8.1848000e-04   4.2215465e+00  -4.9627000e+02   1.9039821e+00
   8.1011000e-04   4.2706182e+00  -5.0256000e+02   1.9422603e+00
   8.0126000e-04   4.3196899e+00  -5.0884000e+02   1.9811621e+00
   7.9317000e-04   4.3687616e+00  -5.1512000e+02   2.0206904e+00
   7.7984000e-04   4.4178961e+00  -5.2140000e+02   2.0608991e+00
   7.6860000e-04   4.4669678e+00  -5.2768000e+02   2.1016872e+00
   7.5396000e-04   4.5160394e+00  -5.3397000e+02   2.1431066e+00
   7.3825000e-04   4.5651111e+00  -5.4025000e+02   2.1851575e+00
   7.2440000e-04   4.6142456e+00  -5.4025000e+02   2.2278950e+00
   7.0604000e-04   4.6633173e+00  -5.4025000e+02   2.2712088e+00
   6.8996000e-04   4.7123890e+00  -5.4025000e+02   2.3151519e+00
   6.7111000e-04   4.7614607e+00  -5.4025000e+02   2.3597226e+00
   6.5088000e-04   4.8105952e+00  -5.4025000e+02   2.4049769e+00
   6.3255000e-04   4.8596668e+00  -5.4026000e+02   2.4507965e+00
   6.1074000e-04   4.9087385e+00  -5.4026000e+02   2.4972359e+00
   5.9111000e-04   4.9578102e+00  -5.4026000e+02   2.5442919e+00
   5.7013000e-04   5.0069447e+00  -5.4026000e+02   2.5920223e+00
   5.4783000e-04   5.0560164e+00  -5.4026000e+02   2.6403015e+00
   5.2772000e-04   5.1050881e+00  -5.4027000e+02   2.6891860e+00
   5.0490000e-04   5.1541597e+00  -5.4027000e+02   2.7386720e+00
   4.8415000e-04   5.2032942e+00  -5.4027000e+02   2.7888197e+00
   4.6296000e-04   5.2523659e+00  -5.4027000e+02   2.8394966e+00
   4.4082000e-04   5.3014376e+00  -5.4027000e+02   2.8907624e+00
   4.2080000e-04   5.3505093e+00  -5.4027000e+02   2.9426127e+00
   3.9902000e-04   5.3996438e+00  -5.4655000e+02   2.9951107e+00
   3.7897000e-04   5.4487155e+00  -5.5283000e+02   3.0481181e+00
   3.5938000e-04   5.4977871e+00  -5.5912000e+02   3.1016974e+00
   3.3922000e-04   5.5468588e+00  -5.6540000e+02   3.1558445e+00
   3.2122000e-04   5.5959933e+00  -5.7168000e+02   3.2106259e+00
   3.0210000e-04   5.6450650e+00  -5.7796000e+02   3.2658977e+00
   2.8432000e-04   5.6941367e+00  -5.8424000e+02   3.3217257e+00
   2.6722000e-04   5.7432084e+00  -5.9052000e+02   3.3781064e+00
   2.4986000e-04   5.7923429e+00  -5.9680000e+02   3.4351095e+00
   2.3442000e-04   5.8414145e+00  -6.0308000e+02   3.4925859e+00
   2.1864000e-04   5.8904862e+00  -6.0936000e+02   3.5506049e+00
   2.0398000e-04   5.9395579e+00  -6.1564000e+02   3.6091633e+00
   1.9027000e-04   5.9886924e+00  -6.2192000e+02   3.6683344e+00
   1.7646000e-04   6.0377641e+00  -6.2821000e+02   3.7279639e+00
   1.6424000e-04   6.0868358e+00  -6.3449000e+02   3.7881246e+00
   1.5194000e-04   6.1359074e+00  -6.4077000e+02   3.8488139e+00
   1.4046000e-04   6.1850420e+00  -6.4705000e+02   3.9101082e+00
   1.2979000e-04   6.2341136e+00  -6.4705000e+02   3.9718484e+00
   1.1914000e-04   6.2831853e+00  -6.4705000e+02   4.0341105e+00
   1.0968000e-04   6.3321942e+00  -6.4706000e+02   4.0968118e+00
   1.0046000e-04   6.3812030e+00  -6.4706000e+02   4.1600297e+00
   9.1915000e-05   6.4302118e+00  -6.4706000e+02   4.2237625e+00
   8.4179000e-05   6.4798490e+00  -6.4706000e+02   4.2888355e+00
   7.6534000e-05   6.5288579e+00  -6.4706000e+02   4.3535998e+00
   6.9772000e-05   6.5778667e+00  -6.4706000e+02   4.4188743e+00
   6.3289000e-05   6.6268755e+00  -6.4706000e+02   4.4846577e+00
   5.7375000e-05   6.6758844e+00  -6.4707000e+02   4.5509486e+00
   5.2177000e-05   6.7248932e+00  -6.4707000e+02   4.6177459e+00
   4.7233000e-05   6.7739021e+00  -6.4707000e+02   4.6850484e+00
   4.2891000e-05   6.8229109e+00  -6.4707000e+02   4.7528552e+00
   3.8760000e-05   6.8725481e+00  -6.4707000e+02   4.8220442e+00
   3.4854000e-05   6.9215569e+00  -6.5335000e+02   4.8908630e+00
   3.1370000e-05   6.9705658e+00  -6.5963000e+02   4.9601833e+00
   2.8012000e-05   7.0195746e+00  -6.6592000e+02   5.0300043e+00
   2.5081000e-05   7.0685835e+00  -6.7220000e+02   5.1003252e+00
   2.2352000e-05   7.1175923e+00  -6.7848000e+02   5.1711454e+00
   1.9846000e-05   7.1666012e+00  -6.8476000e+02   5.2424642e+00
   1.7656000e-05   7.2156100e+00  -6.9104000e+02   5.3142811e+00
   1.5636000e-05   7.2652472e+00  -6.9733000e+02   5.3875259e+00
   1.3884000e-05   7.3142560e+00  -6.9733000e+02   5.4603436e+00
   1.2293000e-05   7.3632649e+00  -6.9733000e+02   5.5336579e+00
   1.0788000e-05   7.4122737e+00  -6.9733000e+02   5.6074682e+00
   9.4732000e-06   7.4612826e+00  -6.9733000e+02   5.6817742e+00
   8.2523000e-06   7.5102914e+00  -6.9734000e+02   5.7565754e+00
   7.2347000e-06   7.5593002e+00  -6.9734000e+02   5.8318716e+00
   6.3430000e-06   7.6083091e+00  -6.9735000e+02   5.9076623e+00
   5.5520000e-06   7.6579463e+00  -6.9735000e+02   5.9849286e+00
   4.8690000e-06   7.7069551e+00  -6.9736000e+02   6.0617139e+00
   4.2752000e-06   7.7559639e+00  -6.9737000e+02   6.1389930e+00
   3.7913000e-06   7.8049728e+00  -6.9738000e+02   6.2167655e+00
   3.3977000e-06   7.8539816e+00  -6.9739000e+02   6.2950313e+00
   2.9990000e-06   7.9029905e+00  -6.9740000e+02   6.3737901e+00
   2.6022000e-06   7.9519993e+00  -6.9741000e+02   6.4530418e+00
   2.1826000e-06   8.0010082e+00  -6.9742000e+02   6.5327861e+00
   1.8306000e-06   8.0506453e+00  -6.9742000e+02   6.6140548e+00
   1.5438000e-06   8.0996542e+00  -6.9743000e+02   6.6947902e+00
   1.3171000e-06   8.1486630e+00  -6.9744000e+02   6.7760179e+00
   1.1162000e-06   8.1976719e+00  -6.9745000e+02   6.8577375e+00
   9.4109000e-07   8.2466807e+00  -6.9745000e+02   6.9399491e+00
   7.9708000e-07   8.2956896e+00  -6.9745000e+02   7.0226525e+00
   7.0932000e-07   8.3446984e+00  -6.9746000e+02   7.1058475e+00
   6.4068000e-07   8.3937073e+00  -6.9746000e+02   7.1895342e+00
   5.8329000e-07   8.4433444e+00  -6.9746000e+02   7.2747947e+00
   4.8862000e-07   8.4923533e+00  -6.9747000e+02   7.3594706e+00
   3.9141000e-07   8.5413621e+00  -6.9747000e+02   7.4446377e+00
   3.0539000e-07   8.5903710e+00  -6.9747000e+02   7.5302961e+00
   2.5299000e-07   8.6393798e+00  -6.9748000e+02   7.6164457e+00
   2.0715000e-07   8.6883886e+00  -6.9748000e+02   7.7030864e+00
   1.6983000e-07   8.7373975e+00  -6.9749000e+02   7.7902181e+00
   1.3694000e-07   8.7864063e+00  -6.9751000e+02   7.8778408e+00
   1.3156000e-07   8.8360435e+00  -6.9752000e+02   7.9670873e+00
   1.3651000e-07   8.8850523e+00  -6.9754000e+02   8.0556982e+00
   1.4288000e-07   8.9340612e+00  -6.9756000e+02   8.1447998e+00
   9.6597000e-08   8.9830700e+00  -6.9759000e+02   8.2343923e+00
   6.1876000e-08   9.0320789e+00  -6.9762000e+02   8.3244755e+00
   3.9588000e-08   9.0810877e+00  -6.9765000e+02   8.4150494e+00
   3.6103000e-08   9.1300966e+00  -6.9769000e+02   8.5061140e+00
   3.7986000e-08   9.1791054e+00  -6.9772000e+02   8.5976692e+00
   5.2606000e-08   9.2287426e+00  -6.9777000e+02   8.6908984e+00
   2.9074000e-08   9.2777514e+00  -6.9781000e+02   8.7834411e+00
   2.3801000e-08   9.3267603e+00  -6.9786000e+02   8.8764744e+00
   2.5709000e-08   9.3757691e+00  -6.9790000e+02   8.9699983e+00
   1.2773000e-08   9.4247780e+00  -6.9795000e+02   9.0640127e+00
   3.0601000e-09   9.4737868e+00  -6.9801000e+02   9.1585175e+00
   2.2160000e-09   9.5227957e+00  -6.9807000e+02   9.2535129e+00
   1.2004000e-09   9.5718045e+00  -6.9814000e+02   9.3489986e+00
   2.3152000e-09   9.6214417e+00  -6.9822000e+02   9.4462085e+00
   2.5635000e-09   9.6704505e+00  -6.9832000e+02   9.5426815e+00
   1.7369000e-09   9.7194594e+00  -6.9845000e+02   9.6396448e+00
   2.4336000e-10   9.7684682e+00  -6.9861000e+02   9.7370986e+00
   3.1708000e-10   9.8174770e+00  -6.9882000e+02   9.8350427e+00
   5.9359000e-11   9.8664859e+00  -6.9905000e+02   9.9334772e+00
   3.0846000e-10   9.9154947e+00  -6.9929000e+02   1.0032402e+01
   3.0610000e-11   9.9645036e+00  -6.9951000e+02   1.0131817e+01
   1.4539000e-10   1.0014141e+01  -6.9967000e+02   1.0233007e+01
   1.4653000e-12   1.0063150e+01  -6.9980000e+02   1.0333409e+01
   6.3351000e-11   1.0112158e+01  -6.9989000e+02   1.0434301e+01
   3.4728000e-13   1.0161167e+01  -6.9995000e+02   1.0535684e+01
   5.5550000e-11   1.0210176e+01  -6.9999000e+02   1.0637557e+01
   2.7292000e-12   1.0259185e+01  -7.0003000e+02   1.0739920e+01
   2.1608000e-11   1.0308194e+01  -7.0005000e+02   1.0842774e+01
   3.4642000e-12   1.0357203e+01  -7.0007000e+02   1.0946118e+01
   2.1217000e-11   1.0406840e+01  -7.0009000e+02   1.1051287e+01
   9.7484000e-12   1.0455849e+01  -7.0010000e+02   1.1155617e+01
   2.8146000e-11   1.0504858e+01  -7.0011000e+02   1.1260438e+01
   6.9278000e-12   1.0553866e+01  -7.0013000e+02   1.1365750e+01
   1.3128000e-11   1.0602875e+01  -7.0014000e+02   1.1471551e+01
   7.1867000e-12   1.0651884e+01  -7.0016000e+02   1.1577843e+01
   2.7456000e-11   1.0700893e+01  -7.0017000e+02   1.1684625e+01
   2.2300000e-11   1.0749902e+01  -7.0019000e+02   1.1791897e+01
   3.2433000e-11   1.0799539e+01  -7.0021000e+02   1.1901044e+01
   2.0051000e-11   1.0848548e+01  -7.0023000e+02   1.2009303e+01
   2.0036000e-11   1.0897557e+01  -7.0026000e+02   1.2118052e+01
   7.7805000e-12   1.0946565e+01  -7.0028000e+02   1.2227292e+01
   1.6350000e-11   1.0995574e+01  -7.0030000e+02   1.2337022e+01
   1.2369000e-11   1.1044583e+01  -7.0032000e+02   1.2447241e+01
   1.6364000e-11   1.1093592e+01  -7.0033000e+02   1.2557952e+01
   6.5720000e-12   1.1142601e+01  -7.0035000e+02   1.2669152e+01
   1.1548000e-11   1.1192238e+01  -7.0036000e+02   1.2782278e+01
   7.4045000e-12   1.1241247e+01  -7.0037000e+02   1.2894465e+01
   2.1164000e-11   1.1290256e+01  -7.0037000e+02   1.3007142e+01
   1.0034000e-11   1.1339265e+01  -7.0037000e+02   1.3120309e+01
   1.3194000e-11   1.1388273e+01  -7.0037000e+02   1.3233967e+01
   7.0434000e-12   1.1437282e+01  -7.0666000e+02   1.3348115e+01
   2.3008000e-11   1.1486291e+01  -7.1293000e+02   1.3462753e+01
   1.8946000e-11   1.1535300e+01  -7.1921000e+02   1.3577881e+01
   4.5125000e-11   1.1584937e+01  -7.2549000e+02   1.3694985e+01
   2.1919000e-11   1.1633946e+01  -7.3177000e+02   1.3811100e+01
   1.4436000e-11   1.1682955e+01  -7.3805000e+02   1.3927705e+01
   5.3569000e-12   1.1731964e+01  -7.4433000e+02   1.4044801e+01
   1.3810000e-11   1.1780972e+01  -7.5061000e+02   1.4162386e+01
   1.5816000e-11   1.1829981e+01  -7.5689000e+02   1.4280462e+01
   1.6421000e-11   1.1878990e+01  -7.5689000e+02   1.4399028e+01
   6.6803000e-12   1.1927999e+01  -7.5689000e+02   1.4518084e+01
   2.0965000e-11   1.1977636e+01  -7.5689000e+02   1.4639166e+01
   1.4652000e-11   1.2026645e+01  -7.5690000e+02   1.4759209e+01
   1.0949000e-11   1.2075654e+01  -7.5691000e+02   1.4879742e+01
   4.2766000e-12   1.2124663e+01  -7.5691000e+02   1.5000765e+01
   8.3543000e-12   1.2173672e+01  -7.5692000e+02   1.5122278e+01
   4.8430000e-12   1.2222680e+01  -7.5693000e+02   1.5244282e+01
   5.7430000e-12   1.2271689e+01  -7.5694000e+02   1.5366776e+01
   2.3870000e-12   1.2320698e+01  -7.5695000e+02   1.5489760e+01
   3.9540000e-12   1.2370335e+01  -7.5696000e+02   1.5614820e+01
   2.6255000e-12   1.2419344e+01  -7.5697000e+02   1.5738790e+01
   3.8063000e-12   1.2468353e+01  -7.5697000e+02   1.5863251e+01
   1.9737000e-12   1.2517362e+01  -7.5697000e+02   1.5988202e+01
   3.0130000e-12   1.2566371e+01  -7.5697000e+02   1.6113643e+01
   2.3770000e-12   1.2615379e+01  -7.6326000e+02   1.6239575e+01
   3.3799000e-12   1.2664388e+01  -7.6954000e+02   1.6365996e+01
   2.0334000e-12   1.2713397e+01  -7.7582000e+02   1.6492908e+01
   2.5564000e-12   1.2763034e+01  -7.8209000e+02   1.6621946e+01
   2.1990000e-12   1.2812043e+01  -7.8837000e+02   1.6749845e+01
   2.7156000e-12   1.2861052e+01  -7.9465000e+02   1.6878233e+01
   1.8872000e-12   1.2910061e+01  -8.0092000e+02   1.7007112e+01
   1.8846000e-12   1.2959070e+01  -8.0720000e+02   1.7136481e+01
   1.8196000e-12   1.3008079e+01  -8.1348000e+02   1.7266340e+01
   2.0249000e-12   1.3057087e+01  -8.1976000e+02   1.7396689e+01
   1.8589000e-12   1.3106096e+01  -8.2604000e+02   1.7527529e+01
   1.5893000e-12   1.3155733e+01  -8.3232000e+02   1.7660545e+01
   1.8533000e-12   1.3204742e+01  -8.3232000e+02   1.7792371e+01
   1.8933000e-12   1.3253751e+01  -8.3233000e+02   1.7924687e+01
   2.3177000e-12   1.3302760e+01  -8.3233000e+02   1.8057494e+01
   1.6193000e-12   1.3351769e+01  -8.3234000e+02   1.8190790e+01
   1.9730000e-12   1.3400778e+01  -8.3235000e+02   1.8324577e+01
   1.5559000e-12   1.3449786e+01  -8.3236000e+02   1.8458854e+01
   2.2253000e-12   1.3498795e+01  -8.3237000e+02   1.8593621e+01
   1.3106000e-12   1.3548432e+01  -8.3238000e+02   1.8730616e+01
   1.6109000e-12   1.3597441e+01  -8.3239000e+02   1.8866370e+01
   1.0031000e-12   1.3646450e+01  -8.3240000e+02   1.9002614e+01
   1.5845000e-12   1.3695459e+01  -8.3241000e+02   1.9139348e+01
   9.3073000e-13   1.3744468e+01  -8.3241000e+02   1.9276572e+01
   1.2637000e-12   1.3793477e+01  -8.3242000e+02   1.9414287e+01
   7.0246000e-13   1.3842486e+01  -8.3242000e+02   1.9552492e+01
   1.1147000e-12   1.3891494e+01  -8.3870000e+02   1.9691186e+01
   6.5313000e-13   1.3941132e+01  -8.4498000e+02   1.9832159e+01
   9.1922000e-13   1.3990140e+01  -8.5126000e+02   1.9971841e+01
   5.0243000e-13   1.4039149e+01  -8.5754000e+02   2.0112012e+01
   7.4945000e-13   1.4088158e+01  -8.6382000e+02   2.0252674e+01
   4.6582000e-13   1.4137167e+01  -8.7009000e+02   2.0393826e+01
   6.4393000e-13   1.4186176e+01  -8.7637000e+02   2.0535469e+01
   3.9242000e-13   1.4235185e+01  -8.8265000e+02   2.0677601e+01
   5.3588000e-13   1.4284193e+01  -8.8892000e+02   2.0820224e+01
   3.8663000e-13   1.4333831e+01  -8.9520000e+02   2.0965174e+01
   4.8732000e-13   1.4382839e+01  -9.0149000e+02   2.1108784e+01
   3.5462000e-13   1.4431848e+01  -9.0149000e+02   2.1252883e+01
   4.1008000e-13   1.4480857e+01  -9.0149000e+02   2.1397473e+01
   3.5907000e-13   1.4529866e+01  -9.0150000e+02   2.1542552e+01
   3.7973000e-13   1.4578875e+01  -9.0152000e+02   2.1688122e+01
   3.4465000e-13   1.4627884e+01  -9.0154000e+02   2.1834182e+01
   3.1502000e-13   1.4676893e+01  -9.0156000e+02   2.1980733e+01
   3.4398000e-13   1.4726530e+01  -9.0158000e+02   2.2129662e+01
   2.8972000e-13   1.4775539e+01  -9.0161000e+02   2.2277198e+01
   3.3993000e-13   1.4824547e+01  -9.0164000e+02   2.2425226e+01
   2.4403000e-13   1.4873556e+01  -9.0167000e+02   2.2573743e+01
   3.3883000e-13   1.4922565e+01  -9.0170000e+02   2.2722750e+01
   2.2464000e-13   1.4971574e+01  -9.0173000e+02   2.2872248e+01
   3.3970000e-13   1.5020583e+01  -9.0175000e+02   2.3022236e+01
   1.9251000e-13   1.5069592e+01  -9.0177000e+02   2.3172714e+01
   3.3634000e-13   1.5119229e+01  -9.0179000e+02   2.3325621e+01
   1.7763000e-13   1.5168238e+01  -9.0181000e+02   2.3477085e+01
   3.3208000e-13   1.5217246e+01  -9.0182000e+02   2.3629040e+01
   1.5151000e-13   1.5266255e+01  -9.0184000e+02   2.3781485e+01
   3.1473000e-13   1.5315264e+01  -9.0185000e+02   2.3934420e+01
   1.3979000e-13   1.5364273e+01  -9.0186000e+02   2.4087846e+01
   3.0384000e-13   1.5413282e+01  -9.0188000e+02   2.4241761e+01
   1.2097000e-13   1.5462291e+01  -9.0191000e+02   2.4396167e+01
   2.7495000e-13   1.5511928e+01  -9.0195000e+02   2.4553052e+01
   1.1239000e-13   1.5560937e+01  -9.0202000e+02   2.4708444e+01
   2.6242000e-13   1.5609946e+01  -9.0213000e+02   2.4864327e+01
   1.0305000e-13   1.5658954e+01  -9.0231000e+02   2.5020700e+01
   2.3143000e-13   1.5707963e+01  -9.0257000e+02   2.5177563e+01
