   4.2327004e-06   4.9095056e-02   1.8298861e-02   1.5683483e-02
   4.2431585e-06   9.8190113e-02   3.1765281e-02   3.1370825e-02
   4.2119683e-06   1.4728517e-01   3.7829159e-02   4.7065886e-02
   4.3462018e-06   1.9638023e-01   6.3198276e+00   6.2772535e-02
   4.7441012e-06   2.4547528e-01   1.2596410e+01   7.8494652e-02
   5.3137189e-06   2.9457034e-01   1.8869869e+01   9.4236128e-02
   6.0423047e-06   3.4366539e-01   2.5142240e+01   1.1000088e-01
   6.7980408e-06   3.9276045e-01   3.1415055e+01   1.2579282e-01
   7.6380186e-06   4.4185551e-01   3.7689362e+01   1.4161593e-01
   8.5626693e-06   4.9095056e-01   4.3965807e+01   1.5747418e-01
   9.7035616e-06   5.4004562e-01   5.0244734e+01   1.7337159e-01
   1.1035514e-05   5.8914068e-01   5.6526255e+01   1.8931221e-01
   1.2612263e-05   6.3823573e-01   5.6527121e+01   2.0530012e-01
   1.4338587e-05   6.8733079e-01   5.6530318e+01   2.2133947e-01
   1.6254161e-05   7.3642584e-01   5.6535544e+01   2.3743444e-01
   1.8301136e-05   7.8552090e-01   5.6542421e+01   2.5358925e-01
   2.0576581e-05   8.3461596e-01   5.6550526e+01   2.6980818e-01
   2.3048816e-05   8.8371101e-01   5.6559416e+01   2.8609559e-01
   2.5800820e-05   9.3280607e-01   5.6568653e+01   3.0245588e-01
   2.8765532e-05   9.8190113e-01   5.6577834e+01   3.1889352e-01
   3.2010119e-05   1.0309962e+00   5.6586603e+01   3.3541305e-01
   3.5489899e-05   1.0800912e+00   5.6594674e+01   3.5201909e-01
   3.9322954e-05   1.1291863e+00   5.6601832e+01   3.6871633e-01
   4.3505016e-05   1.1782814e+00   5.6607938e+01   3.8550955e-01
   4.8156326e-05   1.2273764e+00   5.6612931e+01   4.0240362e-01
   5.3233883e-05   1.2764715e+00   5.6616812e+01   4.1940350e-01
   5.8811416e-05   1.3255665e+00   5.6619642e+01   4.3651424e-01
   6.4818106e-05   1.3746616e+00   5.6621525e+01   4.5374099e-01
   7.1335199e-05   1.4237566e+00   5.6622600e+01   4.7108902e-01
   7.8313614e-05   1.4728517e+00   6.2906213e+01   4.8856369e-01
   8.5849785e-05   1.5219467e+00   6.9189350e+01   5.0617050e-01
   9.3878947e-05   1.5710418e+00   7.5472186e+01   5.2391504e-01
   1.0247010e-04   1.6201369e+00   8.1754889e+01   5.4180304e-01
   1.1153762e-04   1.6692319e+00   8.8037617e+01   5.5984037e-01
   1.2115694e-04   1.7183270e+00   9.4320513e+01   5.7803301e-01
   1.3128022e-04   1.7674220e+00   1.0060370e+02   5.9638709e-01
   1.4203414e-04   1.8165171e+00   1.0688728e+02   6.1490890e-01
   1.5339285e-04   1.8656121e+00   1.0688814e+02   6.3360484e-01
   1.6547557e-04   1.9147072e+00   1.0688955e+02   6.5248151e-01
   1.7821029e-04   1.9638023e+00   1.0689152e+02   6.7154563e-01
   1.9166148e-04   2.0128973e+00   1.0689408e+02   6.9080411e-01
   2.0572249e-04   2.0619924e+00   1.0689725e+02   7.1026401e-01
   2.2045862e-04   2.1110874e+00   1.0690099e+02   7.2993258e-01
   2.3577894e-04   2.1601825e+00   1.0690529e+02   7.4981723e-01
   2.5177254e-04   2.2092775e+00   1.0691012e+02   7.6992557e-01
   2.6835544e-04   2.2583726e+00   1.0691543e+02   7.9026539e-01
   2.8560464e-04   2.3074676e+00   1.0692118e+02   8.1084466e-01
   3.0339425e-04   2.3565627e+00   1.0692731e+02   8.3167157e-01
   3.2177028e-04   2.4056578e+00   1.0693380e+02   8.5275448e-01
   3.4057675e-04   2.4547528e+00   1.0694058e+02   8.7410198e-01
   3.5985716e-04   2.5038479e+00   1.0694762e+02   8.9572285e-01
   3.7946089e-04   2.5529429e+00   1.0695490e+02   9.1762607e-01
   3.9944943e-04   2.6020380e+00   1.0696239e+02   9.3982085e-01
   4.1967621e-04   2.6511330e+00   1.0697006e+02   9.6231659e-01
   4.4021026e-04   2.7002281e+00   1.0697792e+02   9.8512291e-01
   4.6089234e-04   2.7493232e+00   1.0698597e+02   1.0082496e+00
   4.8178521e-04   2.7984182e+00   1.0699422e+02   1.0317068e+00
   5.0270918e-04   2.8475133e+00   1.0700268e+02   1.0555046e+00
   5.2372943e-04   2.8966083e+00   1.0701139e+02   1.0796535e+00
   5.4464966e-04   2.9457034e+00   1.0702039e+02   1.1041641e+00
   5.6553118e-04   2.9947984e+00   1.0702971e+02   1.1290471e+00
   5.8615633e-04   3.0438935e+00   1.0703940e+02   1.1543136e+00
   6.0658782e-04   3.0929885e+00   1.0704951e+02   1.1799745e+00
   6.2658695e-04   3.1420836e+00   1.0706010e+02   1.2060412e+00
   6.4623540e-04   3.1911787e+00   1.0707122e+02   1.2325249e+00
   6.6528809e-04   3.2402737e+00   1.0708293e+02   1.2594370e+00
   6.8386270e-04   3.2893688e+00   1.0709529e+02   1.2867891e+00
   7.0170406e-04   3.3384638e+00   1.0710836e+02   1.3145926e+00
   7.1895009e-04   3.3875589e+00   1.0712220e+02   1.3428590e+00
   7.3530228e-04   3.4366539e+00   1.0713685e+02   1.3715997e+00
   7.5090625e-04   3.4857490e+00   1.0715237e+02   1.4008262e+00
   7.6540114e-04   3.5348441e+00   1.0716882e+02   1.4305496e+00
   7.7897022e-04   3.5839391e+00   1.0718624e+02   1.4607810e+00
   7.9121169e-04   3.6330342e+00   1.0720468e+02   1.4915314e+00
   8.0242231e-04   3.6821292e+00   1.0722417e+02   1.5228111e+00
   8.1213858e-04   3.7312243e+00   1.0724475e+02   1.5546307e+00
   8.2083489e-04   3.7803193e+00   1.0726645e+02   1.5870000e+00
   8.2789251e-04   3.8294144e+00   1.0728930e+02   1.6199285e+00
   8.3405154e-04   3.8785094e+00   1.0731332e+02   1.6534254e+00
   8.3827334e-04   3.9276045e+00   1.0733853e+02   1.6874992e+00
   8.4216334e-04   3.9766996e+00   1.0736494e+02   1.7221580e+00
   8.4320713e-04   4.0257946e+00   1.0739256e+02   1.7574093e+00
   8.4288502e-04   4.0748897e+00   1.0742139e+02   1.7932601e+00
   8.4309844e-04   4.1239847e+00   1.0745143e+02   1.8297165e+00
   8.3755784e-04   4.1730798e+00   1.0748267e+02   1.8667842e+00
   8.3479631e-04   4.2221748e+00   1.0751510e+02   1.9044683e+00
   8.2727449e-04   4.2712699e+00   1.0754870e+02   1.9427729e+00
   8.1877474e-04   4.3203650e+00   1.0758346e+02   1.9817016e+00
   8.1087220e-04   4.3694600e+00   1.0761934e+02   2.0212575e+00
   7.9786241e-04   4.4185551e+00   1.0765633e+02   2.0614427e+00
   7.8733156e-04   4.4676501e+00   1.0769438e+02   2.1022588e+00
   7.7336694e-04   4.5167452e+00   1.0773346e+02   2.1437068e+00
   7.5794627e-04   4.5658402e+00   1.0777353e+02   2.1857871e+00
   7.4396763e-04   4.6149353e+00   1.0781455e+02   2.2284994e+00
   7.2516785e-04   4.6640303e+00   1.0785648e+02   2.2718428e+00
   7.0889470e-04   4.7131254e+00   1.0789926e+02   2.3158162e+00
   6.9016009e-04   4.7622205e+00   1.0794284e+02   2.3604177e+00
   6.7027057e-04   4.8113155e+00   1.0798717e+02   2.4056451e+00
   6.5239011e-04   4.8604106e+00   1.0803219e+02   2.4514957e+00
   6.3086557e-04   4.9095056e+00   1.0807783e+02   2.4979668e+00
   6.1162335e-04   4.9586007e+00   1.0812403e+02   2.5450549e+00
   5.9113763e-04   5.0076957e+00   1.0817073e+02   2.5927566e+00
   5.6944765e-04   5.0567908e+00   1.0821784e+02   2.6410682e+00
   5.5015339e-04   5.1058859e+00   1.0826530e+02   2.6899857e+00
   5.2805530e-04   5.1549809e+00   1.0831303e+02   2.7395052e+00
   5.0811422e-04   5.2040760e+00   1.0836096e+02   2.7896223e+00
   4.8770925e-04   5.2531710e+00   1.0840901e+02   2.8403330e+00
   4.6623631e-04   5.3022661e+00   1.0845711e+02   2.8916330e+00
   4.4683383e-04   5.3513611e+00   1.0850518e+02   2.9435179e+00
   4.2525486e-04   5.4004562e+00   1.0855315e+02   2.9959836e+00
   4.0520486e-04   5.4495513e+00   1.0860097e+02   3.0490259e+00
   3.8545157e-04   5.4986463e+00   1.0864857e+02   3.1026405e+00
   3.6507244e-04   5.5477414e+00   1.0869590e+02   3.1568235e+00
   3.4711046e-04   5.5968364e+00   1.0874290e+02   3.2115708e+00
   3.2802536e-04   5.6459315e+00   1.0878955e+02   3.2668787e+00
   3.1034889e-04   5.6950265e+00   1.0883580e+02   3.3227432e+00
   2.9320641e-04   5.7441216e+00   1.0888162e+02   3.3791609e+00
   2.7549877e-04   5.7932166e+00   1.0892698e+02   3.4361282e+00
   2.5964386e-04   5.8423117e+00   1.0897188e+02   3.4936418e+00
   2.4322812e-04   5.8914068e+00   1.0901629e+02   3.5516984e+00
   2.2791680e-04   5.9405018e+00   1.0906019e+02   3.6102950e+00
   2.1352649e-04   5.9895969e+00   1.0910359e+02   3.6694286e+00
   1.9885400e-04   6.0386919e+00   1.0914646e+02   3.7290965e+00
   1.8578209e-04   6.0877870e+00   1.0918882e+02   3.7892960e+00
   1.7247563e-04   6.1368820e+00   1.0923064e+02   3.8500246e+00
   1.6002389e-04   6.1859771e+00   1.0927194e+02   3.9112799e+00
   1.4849843e-04   6.2350722e+00   1.0931271e+02   3.9730596e+00
   1.3708045e-04   6.2841672e+00   1.0935297e+02   4.0353617e+00
   1.2712057e-04   6.3332623e+00   1.0939271e+02   4.0981840e+00
   1.1745977e-04   6.3823573e+00   1.0943196e+02   4.1615249e+00
   1.0841559e-04   6.4314524e+00   1.0947074e+02   4.2253824e+00
   9.9956430e-05   6.4805474e+00   1.0950907e+02   4.2897549e+00
   9.1085685e-05   6.5296425e+00   1.0954698e+02   4.3546408e+00
   8.2793989e-05   6.5787375e+00   1.0958452e+02   4.4200388e+00
   7.4612063e-05   6.6278326e+00   1.0962173e+02   4.4859473e+00
   6.7202505e-05   6.6769277e+00   1.0965866e+02   4.5523652e+00
   6.0966168e-05   6.7260227e+00   1.0969538e+02   4.6192913e+00
   5.5444726e-05   6.7751178e+00   1.0973196e+02   4.6867243e+00
   5.1011636e-05   6.8242128e+00   1.0976846e+02   4.7546633e+00
   4.7087143e-05   6.8733079e+00   1.0980497e+02   4.8231073e+00
   4.3463718e-05   6.9224029e+00   1.0984156e+02   4.8920554e+00
   4.0064884e-05   6.9714980e+00   1.0987831e+02   4.9615067e+00
   3.6150143e-05   7.0205931e+00   1.0991531e+02   5.0314605e+00
   3.1968409e-05   7.0696881e+00   1.0995263e+02   5.1019159e+00
   2.7575786e-05   7.1187832e+00   1.0999035e+02   5.1728724e+00
   2.3651016e-05   7.1678782e+00   1.1002854e+02   5.2443293e+00
   2.0786431e-05   7.2169733e+00   1.1006725e+02   5.3162860e+00
   1.9015801e-05   7.2660683e+00   1.1010655e+02   5.3887419e+00
   1.8555612e-05   7.3151634e+00   1.1014648e+02   5.4616965e+00
   1.9301302e-05   7.3642584e+00   1.1018709e+02   5.5351494e+00
   2.0151197e-05   7.4133535e+00   1.1022844e+02   5.6091000e+00
   1.7727655e-05   7.4624486e+00   1.1027055e+02   5.6835481e+00
   1.2316206e-05   7.5115436e+00   1.1031348e+02   5.7584931e+00
   8.3207201e-06   7.5606387e+00   1.1035730e+02   5.8339349e+00
   6.0369191e-06   7.6097337e+00   1.1040205e+02   5.9098729e+00
   4.8352005e-06   7.6588288e+00   1.1044783e+02   5.9863069e+00
   4.3832551e-06   7.7079238e+00   1.1049474e+02   6.0632367e+00
   4.6991378e-06   7.7570189e+00   1.1054291e+02   6.1406619e+00
   6.8571147e-06   7.8061140e+00   1.1059250e+02   6.2185823e+00
   9.3814923e-06   7.8552090e+00   1.1064369e+02   6.2969977e+00
   3.0838631e-06   7.9043041e+00   1.1069673e+02   6.3759079e+00
   1.4873893e-06   7.9533991e+00   1.1075187e+02   6.4553126e+00
   8.9677209e-07   8.0024942e+00   1.1080944e+02   6.5352117e+00
   6.2372845e-07   8.0515892e+00   1.1086980e+02   6.6156051e+00
   4.7497370e-07   8.1006843e+00   1.1093337e+02   6.6964925e+00
   3.8567604e-07   8.1497793e+00   1.1100063e+02   6.7778738e+00
   3.1457500e-07   8.1988744e+00   1.1107214e+02   6.8597489e+00
   2.3774138e-07   8.2479695e+00   1.1114848e+02   6.9421176e+00
   1.5910911e-07   8.2970645e+00   1.1123033e+02   7.0249798e+00
   1.0290210e-07   8.3461596e+00   1.1131841e+02   7.1083355e+00
   6.6697122e-08   8.3952546e+00   1.1141347e+02   7.1921845e+00
   4.5942447e-08   8.4443497e+00   1.1151622e+02   7.2765267e+00
   3.2227376e-08   8.4934447e+00   1.1162731e+02   7.3613620e+00
   2.3561746e-08   8.5425398e+00   1.1174715e+02   7.4466904e+00
   1.6844719e-08   8.5916349e+00   1.1187574e+02   7.5325117e+00
   1.2002503e-08   8.6407299e+00   1.1201251e+02   7.6188260e+00
   8.0913399e-09   8.6898250e+00   1.1215609e+02   7.7056330e+00
   5.5361153e-09   8.7389200e+00   1.1230428e+02   7.7929329e+00
   3.6335946e-09   8.7880151e+00   1.1245418e+02   7.8807254e+00
   2.5400854e-09   8.8371101e+00   1.1260254e+02   7.9690107e+00
   1.6904723e-09   8.8862052e+00   1.1274626e+02   8.0577885e+00
   1.2184855e-09   8.9353002e+00   1.1288282e+02   8.1470589e+00
   8.0737950e-10   8.9843953e+00   1.1301055e+02   8.2368218e+00
   5.8121390e-10   9.0334904e+00   1.1312863e+02   8.3270772e+00
   3.7061003e-10   9.0825854e+00   1.1323697e+02   8.4178250e+00
   2.6617643e-10   9.1316805e+00   1.1333599e+02   8.5090653e+00
   1.6357749e-10   9.1807755e+00   1.1342640e+02   8.6007979e+00
   1.2162460e-10   9.2298706e+00   1.1350908e+02   8.6930229e+00
   7.2409808e-11   9.2789656e+00   1.1358493e+02   8.7857401e+00
   5.6854066e-11   9.3280607e+00   1.1365483e+02   8.8789497e+00
   3.2010750e-11   9.3771558e+00   1.1371958e+02   8.9726516e+00
   2.6540073e-11   9.4262508e+00   1.1377992e+02   9.0668456e+00
   1.3604977e-11   9.4753459e+00   1.1383649e+02   9.1615319e+00
   1.2191819e-11   9.5244409e+00   1.1388984e+02   9.2567104e+00
   5.4942387e-12   9.5735360e+00   1.1394044e+02   9.3523811e+00
   5.6815257e-12   9.6226310e+00   1.1398870e+02   9.4485440e+00
   2.1295551e-12   9.6717261e+00   1.1403495e+02   9.5451990e+00
   2.7568049e-12   9.7208212e+00   1.1407945e+02   9.6423461e+00
   7.7132017e-13   9.7699162e+00   1.1412244e+02   9.7399854e+00
   1.3876730e-12   9.8190113e+00   1.1416407e+02   9.8381167e+00
   2.3990741e-13   9.8681063e+00   1.1420448e+02   9.9367402e+00
   7.2189570e-13   9.9172014e+00   1.1424378e+02   1.0035856e+01
   5.4824362e-14   9.9662964e+00   1.1428203e+02   1.0135463e+01
   3.9918459e-13   1.0015391e+01   1.1431930e+02   1.0235563e+01
   4.8320427e-15   1.0064487e+01   1.1435562e+02   1.0336155e+01
   2.4387903e-13   1.0113582e+01   1.1439104e+02   1.0437238e+01
   1.3165753e-15   1.0162677e+01   1.1442560e+02   1.0538814e+01
   1.6432023e-13   1.0211772e+01   1.1445934e+02   1.0640882e+01
   1.0403958e-14   1.0260867e+01   1.1449232e+02   1.0743442e+01
   1.2007065e-13   1.0309962e+01   1.1452460e+02   1.0846494e+01
   2.0110026e-14   1.0359057e+01   1.1455626e+02   1.0950038e+01
   9.4251160e-14   1.0408152e+01   1.1458738e+02   1.1054073e+01
   2.6736046e-14   1.0457247e+01   1.1461806e+02   1.1158601e+01
   7.8723478e-14   1.0506342e+01   1.1464840e+02   1.1263621e+01
   3.0452985e-14   1.0555437e+01   1.1467849e+02   1.1369133e+01
   6.9893872e-14   1.0604532e+01   1.1470843e+02   1.1475137e+01
   3.2267238e-14   1.0653627e+01   1.1473833e+02   1.1581632e+01
   6.3959409e-14   1.0702722e+01   1.1476825e+02   1.1688620e+01
   3.1990491e-14   1.0751817e+01   1.1479828e+02   1.1796100e+01
   5.8744329e-14   1.0800912e+01   1.1482847e+02   1.1904072e+01
   3.0523303e-14   1.0850007e+01   1.1485886e+02   1.2012535e+01
   5.4452778e-14   1.0899103e+01   1.1488946e+02   1.2121491e+01
   2.8570671e-14   1.0948198e+01   1.1492027e+02   1.2230938e+01
   5.0667671e-14   1.0997293e+01   1.1495129e+02   1.2340878e+01
   2.6432513e-14   1.1046388e+01   1.1498247e+02   1.2451309e+01
   4.7670244e-14   1.1095483e+01   1.1501376e+02   1.2562233e+01
   2.5057783e-14   1.1144578e+01   1.1504511e+02   1.2673648e+01
   4.4531584e-14   1.1193673e+01   1.1507646e+02   1.2785555e+01
   2.3029976e-14   1.1242768e+01   1.1510774e+02   1.2897954e+01
   4.1802151e-14   1.1291863e+01   1.1513888e+02   1.3010845e+01
   2.1098083e-14   1.1340958e+01   1.1516985e+02   1.3124229e+01
   3.9356299e-14   1.1390053e+01   1.1520059e+02   1.3238104e+01
   1.9615523e-14   1.1439148e+01   1.1523108e+02   1.3352470e+01
   3.7198790e-14   1.1488243e+01   1.1526132e+02   1.3467329e+01
   1.8302132e-14   1.1537338e+01   1.1529131e+02   1.3582680e+01
   3.5303422e-14   1.1586433e+01   1.1532109e+02   1.3698523e+01
   1.7356026e-14   1.1635528e+01   1.1535068e+02   1.3814857e+01
   3.3812245e-14   1.1684623e+01   1.1538015e+02   1.3931684e+01
   1.6575946e-14   1.1733718e+01   1.1540956e+02   1.4049002e+01
   3.2150603e-14   1.1782814e+01   1.1543898e+02   1.4166813e+01
   1.5802068e-14   1.1831909e+01   1.1546850e+02   1.4285115e+01
   3.0634548e-14   1.1881004e+01   1.1549816e+02   1.4403909e+01
   1.5350483e-14   1.1930099e+01   1.1552805e+02   1.4523196e+01
   2.9390109e-14   1.1979194e+01   1.1555822e+02   1.4642974e+01
   1.4986296e-14   1.2028289e+01   1.1558869e+02   1.4763244e+01
   2.8099583e-14   1.2077384e+01   1.1561951e+02   1.4884006e+01
   1.4732997e-14   1.2126479e+01   1.1565068e+02   1.5005259e+01
   2.7061965e-14   1.2175574e+01   1.1568218e+02   1.5127005e+01
   1.4689182e-14   1.2224669e+01   1.1571400e+02   1.5249243e+01
   2.5966358e-14   1.2273764e+01   1.1574609e+02   1.5371972e+01
   1.4588132e-14   1.2322859e+01   1.1577840e+02   1.5495194e+01
   2.4764280e-14   1.2371954e+01   1.1581088e+02   1.5618907e+01
   1.4669998e-14   1.2421049e+01   1.1584346e+02   1.5743113e+01
   2.3699334e-14   1.2470144e+01   1.1587609e+02   1.5867810e+01
   1.4851772e-14   1.2519239e+01   1.1590871e+02   1.5992999e+01
   2.2502777e-14   1.2568334e+01   1.1594128e+02   1.6118680e+01
   1.5035081e-14   1.2617429e+01   1.1597375e+02   1.6244853e+01
   2.1435858e-14   1.2666525e+01   1.1600611e+02   1.6371518e+01
   1.5490868e-14   1.2715620e+01   1.1603835e+02   1.6498675e+01
   2.0524379e-14   1.2764715e+01   1.1607047e+02   1.6626323e+01
   1.5951241e-14   1.2813810e+01   1.1610250e+02   1.6754464e+01
   1.9475635e-14   1.2862905e+01   1.1613446e+02   1.6883096e+01
   1.6459898e-14   1.2912000e+01   1.1616639e+02   1.7012221e+01
   1.8592573e-14   1.2961095e+01   1.1619835e+02   1.7141837e+01
   1.7178484e-14   1.3010190e+01   1.1623037e+02   1.7271945e+01
   1.7751241e-14   1.3059285e+01   1.1626251e+02   1.7402546e+01
   1.7920275e-14   1.3108380e+01   1.1629481e+02   1.7533638e+01
   1.7056072e-14   1.3157475e+01   1.1632729e+02   1.7665222e+01
   1.9013312e-14   1.3206570e+01   1.1636000e+02   1.7797297e+01
   1.6739578e-14   1.3255665e+01   1.1639294e+02   1.7929865e+01
   2.0327295e-14   1.3304760e+01   1.1642611e+02   1.8062925e+01
   1.6471825e-14   1.3353855e+01   1.1645951e+02   1.8196476e+01
   2.1693822e-14   1.3402950e+01   1.1649312e+02   1.8330520e+01
   1.6470761e-14   1.3452045e+01   1.1652691e+02   1.8465055e+01
   2.3503096e-14   1.3501140e+01   1.1656084e+02   1.8600083e+01
   1.6809858e-14   1.3550236e+01   1.1659488e+02   1.8735602e+01
   2.5504878e-14   1.3599331e+01   1.1662899e+02   1.8871613e+01
   1.7320426e-14   1.3648426e+01   1.1666313e+02   1.9008116e+01
   2.7830662e-14   1.3697521e+01   1.1669728e+02   1.9145111e+01
   1.8362552e-14   1.3746616e+01   1.1673142e+02   1.9282598e+01
   3.0664296e-14   1.3795711e+01   1.1676554e+02   1.9420576e+01
   1.9775321e-14   1.3844806e+01   1.1679963e+02   1.9559047e+01
   3.3617685e-14   1.3893901e+01   1.1683371e+02   1.9698010e+01
   2.1724088e-14   1.3942996e+01   1.1686780e+02   1.9837464e+01
   3.7196928e-14   1.3992091e+01   1.1690193e+02   1.9977410e+01
   2.4582294e-14   1.4041186e+01   1.1693612e+02   2.0117849e+01
   4.1043074e-14   1.4090281e+01   1.1697042e+02   2.0258779e+01
   2.7903319e-14   1.4139376e+01   1.1700485e+02   2.0400201e+01
   4.4888424e-14   1.4188471e+01   1.1703945e+02   2.0542115e+01
   3.2511990e-14   1.4237566e+01   1.1707423e+02   2.0684521e+01
   4.9973690e-14   1.4286661e+01   1.1710922e+02   2.0827419e+01
   3.9216664e-14   1.4335756e+01   1.1714441e+02   2.0970808e+01
   5.6188035e-14   1.4384852e+01   1.1717980e+02   2.1114690e+01
   4.8357543e-14   1.4433947e+01   1.1721537e+02   2.1259063e+01
   6.4016681e-14   1.4483042e+01   1.1725109e+02   2.1403929e+01
   6.1827346e-14   1.4532137e+01   1.1728691e+02   2.1549286e+01
   7.4455631e-14   1.4581232e+01   1.1732281e+02   2.1695135e+01
   8.1137231e-14   1.4630327e+01   1.1735874e+02   2.1841476e+01
   8.8102279e-14   1.4679422e+01   1.1739465e+02   2.1988309e+01
   1.1024122e-13   1.4728517e+01   1.1743051e+02   2.2135634e+01
   1.0785464e-13   1.4777612e+01   1.1746629e+02   2.2283451e+01
   1.5310194e-13   1.4826707e+01   1.1750198e+02   2.2431760e+01
   1.3053832e-13   1.4875802e+01   1.1753757e+02   2.2580560e+01
   2.0303109e-13   1.4924897e+01   1.1757310e+02   2.2729853e+01
   1.4797096e-13   1.4973992e+01   1.1760858e+02   2.2879637e+01
   2.5212101e-13   1.5023087e+01   1.1764407e+02   2.3029914e+01
   1.5945049e-13   1.5072182e+01   1.1767961e+02   2.3180682e+01
   2.9789621e-13   1.5121277e+01   1.1771527e+02   2.3331942e+01
   1.6703883e-13   1.5170372e+01   1.1775111e+02   2.3483694e+01
   3.4255781e-13   1.5219467e+01   1.1778720e+02   2.3635938e+01
   1.6761038e-13   1.5268563e+01   1.1782360e+02   2.3788674e+01
   3.3409180e-13   1.5317658e+01   1.1786035e+02   2.3941902e+01
   1.2816907e-13   1.5366753e+01   1.1789748e+02   2.4095621e+01
   2.3589285e-13   1.5415848e+01   1.1793501e+02   2.4249833e+01
   8.0763842e-14   1.5464943e+01   1.1797293e+02   2.4404536e+01
   1.5675900e-13   1.5514038e+01   1.1801121e+02   2.4559732e+01
   5.4561497e-14   1.5563133e+01   1.1804982e+02   2.4715419e+01
   1.1266951e-13   1.5612228e+01   1.1808867e+02   2.4871598e+01
   4.1300315e-14   1.5661323e+01   1.1812771e+02   2.5028269e+01
   8.8763037e-14   1.5710418e+01   1.1816683e+02   2.5185432e+01
