20.35,0
20.4,0
20.45,0
20.5,0
20.55,0
20.6,0
20.65,0
20.7,0
20.75,0
20.8,0
20.85,0
20.9,0
20.95,0
21,0
21.05,0
21.1,0
21.15,0
21.2,0
21.25,0
21.3,0
21.35,0
21.4,0
21.45,0
21.5,0
21.55,0
21.6,0
21.65,0
21.7,0
21.75,0
21.8,0
21.85,0
21.9,0
21.95,0
22,0
22.05,0
22.1,0.004
22.15,0.009
22.2,0.014
22.25,0.019
22.3,0.024
22.35,0.029
22.4,0.034
22.45,0.039
22.5,0.044
22.55,0.049
22.6,0.054
22.65,0.059
22.7,0.064
22.75,0.069
22.8,0.074
22.85,0.079
22.9,0.084
22.95,0.089
23,0.094
23.05,0.099
23.1,0.104
23.15,0.109
23.2,0.114
23.25,0.119
23.3,0.124
23.35,0.129
23.4,0.134
23.45,0.139
23.5,0.144
23.55,0.149
23.6,0.154
23.65,0.159
23.7,0.164
23.75,0.169
23.8,0.174
23.85,0.179
23.9,0.184
23.95,0.189
24,0.194
24.05,0.199
24.1,0.204
24.15,0.209
24.2,0.214
24.25,0.219
24.3,0.224
24.35,0.229
24.4,0.234
24.45,0.239
24.5,0.244
24.55,0.249
24.6,0.254
24.65,0.259
24.7,0.264
24.75,0.269
24.8,0.274
24.85,0.279
24.9,0.284
24.95,0.288
25,0.293
25.05,0.298
25.1,0.303
25.15,0.308
25.2,0.313
25.25,0.318
25.3,0.323
25.35,0.328
25.4,0.333
25.45,0.369
25.5,0.423
25.55,0.462
25.6,0.472
25.65,0.481
25.7,0.491
25.75,0.501
25.8,0.51
25.85,0.52
25.9,0.53
25.95,0.539
26,0.549
26.05,0.558
26.1,0.568
26.15,0.578
26.2,0.587
26.25,0.597
26.3,0.607
26.35,0.616
26.4,0.626
26.45,0.636
26.5,0.645
26.55,0.655
26.6,0.665
26.65,0.674
26.7,0.684
26.75,0.694
26.8,0.703
26.85,0.713
26.9,0.722
26.95,0.732
27,0.742
27.05,0.751
27.1,0.761
27.15,0.771
27.2,0.78
27.25,0.79
27.3,0.8
27.35,0.809
27.4,0.819
27.45,0.829
27.5,0.838
27.55,0.848
27.6,0.858
27.65,0.867
27.7,0.877
27.75,0.882
27.8,0.88
27.85,0.878
27.9,0.876
27.95,0.874
28,0.872
28.05,0.87
28.1,0.868
28.15,0.866
28.2,0.864
28.25,0.863
28.3,0.861
28.35,0.859
28.4,0.857
28.45,0.855
28.5,0.853
28.55,0.851
28.6,0.849
28.65,0.847
28.7,0.845
28.75,0.844
28.8,0.842
28.85,0.84
28.9,0.838
28.95,0.836
29,0.834
29.05,0.832
29.1,0.83
29.15,0.81
29.2,0.775
29.25,0.739
29.3,0.716
29.35,0.721
29.4,0.727
29.45,0.732
29.5,0.737
29.55,0.742
29.6,0.747
29.65,0.752
29.7,0.757
29.75,0.762
29.8,0.767
29.85,0.772
29.9,0.777
29.95,0.782
30,0.787
30.05,0.793
30.1,0.798
30.15,0.803
30.2,0.808
30.25,0.813
30.3,0.818
30.35,0.823
30.4,0.828
30.45,0.833
30.5,0.838
30.55,0.843
30.6,0.848
30.65,0.853
30.7,0.859
30.75,0.864
30.8,0.869
30.85,0.874
30.9,0.879
30.95,0.884
31,0.889
31.05,0.894
31.1,0.899
31.15,0.904
31.2,0.909
31.25,0.914
31.3,0.919
31.35,0.925
31.4,0.93
31.45,0.935
31.5,0.94
31.55,0.945
31.6,0.95
31.65,0.955
31.7,0.96
31.75,0.965
31.8,0.97
31.85,0.975
31.9,0.98
31.95,0.985
32,0.991
32.05,0.996
32.1,1.001
32.15,1.006
32.2,1.011
32.25,1.016
32.3,1.021
32.35,1.026
32.4,1.031
32.45,1.036
32.5,1.041
32.55,1.046
32.6,1.051
32.65,1.057
32.7,1.062
32.75,1.067
32.8,1.072
32.85,1.077
32.9,1.082
32.95,1.087
33,1.092
33.05,1.097
33.1,1.102
33.15,1.107
33.2,1.112
33.25,1.117
33.3,1.123
33.35,1.128
33.4,1.133
33.45,1.138
33.5,1.143
33.55,1.148
33.6,1.153
33.65,1.158
33.7,1.163
33.75,1.168
33.8,1.173
33.85,1.178
33.9,1.183
33.95,1.189
34,1.194
34.05,1.199
34.1,1.204
34.15,1.209
34.2,1.214
34.25,1.219
34.3,1.224
34.35,1.229
34.4,1.234
34.45,1.239
34.5,1.244
34.55,1.25
34.6,1.255
34.65,1.26
34.7,1.265
34.75,1.27
34.8,1.275
34.85,1.28
34.9,1.285
