0.05,0.00106315
0.1,0.00101438
0.15,0.00042464
0.2,0.000434
0.25,0.00030077
0.3,0.00049216
0.35,0.00124429
0.4,0.00278491
0.45,0.0038473
0.5,0.00403145
0.55,0.00311005
0.6,0.00143121
0.65,0.00071903
0.7,0.00049112
0.75,0.0005961
0.8,0.00051793
0.85,0.00074294
0.9,0.00082277
0.95,0.00074274
1,0.00069368
1.05,0.0005558
1.1,0.00031972
1.15,0.00031186
1.2,0.00028627
1.25,0.00025621
1.3,0.00021821
1.35,0.00018435
1.4,0.00017649
1.45,0.00016251
1.5,0.00014686
1.55,0.00009195
1.6,0.00010314
1.65,0.00008585
1.7,0.00008037
1.75,0.00006263
1.8,0.00005866
1.85,0.00005561
1.9,0.0000535
1.95,0.00005208
2,0.00004873
2.05,0.00003686
2.1,0.00003401
2.15,0.00003011
2.2,0.00002679
2.25,0.00002679
2.3,0.00002679
2.35,0.00002489
2.4,0.00002205
2.45,0.00001985
